subjects
STAT
5
615
ENGL
714
483
370
480
368
449
454
440
360
572
163
305
189
381
207
118
746
515
695
635
433
704
544
545
70
708
473
104
400
705
156
MUSC
319
458
249
385
532
321
3
318
239
462
444
276
GEOL
174
486
343
475
451
468
643
ECON
15
502
113
546
481
450
747
691
592
29
477
183
668
40
24
364
308
175
507
604
ITAL
374
472
556
307
218
SOWK
525
504
35
LING
21
514
194
CNSE
652
73
217
149
253
INST
247
PSYC
313
353
191
106
69
204
71
258
412
63
187
57
45
193
654
110
344
62
610
128
560
268
662
133
93
11
432
271
167
626
232
HART
220
330
403
206
397
648
293
455
49
697
418
317
326
371
649
POLS
445
209
221
295
267
72
350
552
222
315
58
425
235
408
95
238
477
28
251
117
9
470
270
492
54
521
348
716
14
447
301
700
ENGR
392
EDUC
659
376
676
606
598
68
434
539
ARCH
122
726
595
728
696
PEAC
111
386
197
290
ARTS
603
718
664
689
574
613
129
741
577
59
553
641
707
536
375
140
736
12
605
CHEM
359
737
683
720
740
548
729
89
547
500
333
619
550
ARTT
144
540
578
633
706
135
681
650
ARTW
203
694
526
608
130
739
538
586
JNSE
484
79
401
596
PHIL
549
686
363
645
395
331
289
346
274
311
324
111
228
248
153
474
277
176
290
312
261
379
214
367
BIOL
192
412
651
137
354
152
688
333
655
562
631
589
304
365
573
310
522
302
723
GERM
323
482
509
81
653
356
340
569
HIST
108
33
199
309
171
299
328
442
406
727
17
588
39
543
466
165
443
719
426
347
520
320
702
485
554
285
303
415
212
517
102
677
ARTD
743
512
600
44
591
287
607
551
196
575
201
ARAB
459
164
RUSS
264
690
493
567
208
25
316
306
ASTR
590
124
188
EAST
576
158
599
1
75
407
510
428
570
568
RELG
277
466
717
115
416
580
438
377
352
327
557
36
665
177
GREK
180
334
244
PHYS
709
7
282
22
590
18
322
411
436
279
242
745
430
FREN
675
413
240
541
184
479
297
731
446
722
698
672
497
499
537
COML
692
535
240
440
132
533
265
233
82
341
545
420
27
16
GNST
23
120
CSTS
4
185
712
132
119
230
CMSC
465
202
213
565
528
669
308
179
680
542
490
226
ICPR
91
687
489
160
732
53
9
147
375
CITY
597
671
518
701
623
625
725
738
34
636
657
83
571
506
527
564
642
529
357
SPAN
98
172
618
396
341
84
254
393
692
181
730
157
601
495
224
166
373
530
195
693
505
ENVS
388
134
387
WRPR
476
121
704
457
355
127
60
26
581
439
336
SOCL
460
262
61
283
292
620
123
223
629
151
469
198
159
424
667
HEBR
508
LATN
325
236
559
361
143
MATH
478
632
563
684
615
337
284
399
524
308
516
296
611
405
612
52
378
679
391
402
644
257
404
670
ANTH
682
252
437
627
115
585
19
531
134
56
487
136
27
734
85
229
637
88
629
661
17
617
742
678
levels
level 1
108
445
359
465
209
192
221
203
476
549
313
15
709
590
632
460
603
718
295
563
743
7
33
267
684
172
618
615
202
576
337
71
258
330
574
325
21
91
514
284
121
309
682
613
701
129
577
552
683
385
171
717
720
187
115
363
321
18
57
592
184
704
322
262
393
174
645
486
599
416
457
479
331
668
3
730
279
318
239
707
536
355
274
127
304
60
556
635
120
79
26
665
166
119
287
722
636
581
439
493
336
253
728
697
25
316
698
415
81
517
661
334
706
745
371
693
143
505
569
level 0
323
98
374
484
180
652
73
675
459
297
164
392
236
117
217
434
401
567
530
672
508
497
361
539
430
level 3
22
396
249
84
512
518
222
299
413
240
489
481
691
213
528
425
333
740
548
729
477
181
183
406
727
17
588
395
516
5
440
360
572
654
110
472
89
547
655
500
580
283
397
648
608
610
411
24
436
611
562
128
560
165
669
157
495
268
662
377
631
28
641
625
375
251
207
600
44
557
324
36
746
364
223
343
133
365
9
93
310
606
432
136
734
23
612
52
264
147
482
378
188
739
446
738
462
637
509
522
302
679
520
248
533
726
373
153
270
179
492
75
54
391
197
271
290
402
49
175
68
312
194
167
88
151
578
538
633
473
680
554
233
285
303
306
404
670
379
521
214
242
506
527
418
102
607
551
420
317
326
626
201
428
605
617
247
723
653
232
367
468
643
387
705
226
649
700
568
156
level 2
692
111
714
483
478
353
191
659
412
106
277
664
69
204
319
458
502
370
466
124
282
113
686
72
220
689
737
63
651
597
199
350
4
399
252
687
480
341
546
671
741
254
437
541
137
627
354
152
688
315
328
524
450
747
308
532
585
58
158
565
368
694
442
535
45
160
29
193
61
449
386
388
403
39
454
163
1
144
296
305
235
344
134
40
408
620
206
95
526
62
238
289
543
623
346
438
405
732
601
224
731
443
553
130
376
676
352
589
293
189
719
426
327
123
311
19
455
381
118
140
531
56
53
487
11
185
27
629
725
515
695
347
598
712
132
591
433
85
229
177
228
34
544
122
595
474
690
545
470
70
230
540
407
176
149
644
320
657
208
702
708
507
485
83
104
571
400
265
261
195
604
696
542
469
257
82
475
198
159
424
444
348
510
212
716
14
677
736
490
619
244
276
307
667
447
12
218
642
135
196
529
596
575
570
559
451
742
499
357
301
678
681
650
550
537
356
340
16
586
level 5
504
35
level 4
525
292
59
573
564
549
